  -90.000000000000000        0.0000000000000000       0.31247619910568336     
  -88.000000000000000       0.18752380089431667       0.28120000593551586     
  -86.000000000000000       0.21879999406448414       0.27075765017626968     
  -84.000000000000000       0.22924234982373029       0.26552372271240926     
  -82.000000000000000       0.23447627728759071       0.26237313166097842     
  -80.000000000000000       0.23762686833902158       0.26026417124245488     
  -78.000000000000000       0.23973582875754509       0.25875038873616468     
  -76.000000000000000       0.24124961126383537       0.25760855119574771     
  -74.000000000000000       0.24239144880425229       0.25671463433268171     
  -72.000000000000000       0.24328536566731829       0.25599421804941780     
  -70.000000000000000       0.24400578195058217       0.25539993893510027     
  -68.000000000000000       0.24460006106489976       0.25490021649476363     
  -65.999999999999986       0.24509978350523642       0.25447318263909180     
  -64.000000000000000       0.24552681736090820       0.25410321280341475     
  -62.000000000000000       0.24589678719658531       0.25377884460113459     
  -60.000000000000007       0.24622115539886538       0.25349147696398061     
  -58.000000000000007       0.24650852303601942       0.25323452839098681     
  -55.999999999999993       0.24676547160901321       0.25300287576238506     
  -54.000000000000000       0.24699712423761491       0.25279247035100927     
  -52.000000000000000       0.24720752964899079       0.25260006901043441     
  -50.000000000000000       0.24739993098956556       0.25242304214591821     
  -48.000000000000000       0.24757695785408179       0.25225923403544298     
  -46.000000000000000       0.24774076596455699       0.25210685956619050     
  -44.000000000000000       0.24789314043380947       0.25196442676321268     
  -41.999999999999993       0.24803557323678735       0.25183067788613994     
  -40.000000000000000       0.24816932211386006       0.25170454409233595     
  -37.999999999999993       0.24829545590766405       0.25158511014656826     
  -36.000000000000000       0.24841488985343171       0.25147158666255692     
  -34.000000000000000       0.24852841333744313       0.25136328805515384     
  -31.999999999999993       0.24863671194484613       0.25125961486704540     
  -30.000000000000004       0.24874038513295468       0.25116003947830290     
  -28.000000000000000       0.24883996052169710       0.25106409445441524     
  -26.000000000000000       0.24893590554558476       0.25097136296833550     
  -23.999999999999996       0.24902863703166447       0.25088147086421569     
  -21.999999999999993       0.24911852913578428       0.25079408002855480     
  -20.000000000000004       0.24920591997144517       0.25070888280790898     
  -18.000000000000000       0.24929111719209104       0.25062559726778133     
  -15.999999999999996       0.24937440273221864       0.25054396312933647     
  -13.999999999999995       0.24945603687066359       0.25046373825293927     
  -12.000000000000004       0.24953626174706076       0.25038469556214604     
  -10.000000000000002       0.24961530443785399       0.25030662032091211     
  -7.9999999999999982       0.24969337967908789       0.25022930769135260     
  -5.9999999999999956       0.24977069230864740       0.25015256051071472     
  -3.9999999999999929       0.24984743948928526       0.25007618723462777     
  -2.0000000000000027       0.24992381276537229       0.24999999999999964     
   0.0000000000000000       0.25000000000000033       0.24992381276537315     
   2.0000000000000027       0.25007618723462688       0.24984743948928448     
   4.0000000000000053       0.25015256051071549       0.24977069230864657     
   6.0000000000000089       0.25022930769135349       0.24969337967908861     
   7.9999999999999982       0.25030662032091139       0.24961530443785318     
   10.000000000000002       0.25038469556214682       0.24953626174706156     
   12.000000000000004       0.25046373825293844       0.24945603687066317     
   14.000000000000007       0.25054396312933680       0.24937440273222033     
   15.999999999999996       0.25062559726777972       0.24929111719209104     
   18.000000000000000       0.25070888280790898       0.24920591997144692     
   20.000000000000004       0.25079408002855308       0.24911852913578428     
   22.000000000000007       0.25088147086421569       0.24902863703166489     
   24.000000000000007       0.25097136296833511       0.24893590554558523     
   26.000000000000011       0.25106409445441480       0.24883996052169755     
   28.000000000000014       0.25116003947830245       0.24874038513295882     
   29.999999999999993       0.25125961486704124       0.24863671194484613     
   31.999999999999993       0.25136328805515384       0.24852841333744313     
   34.000000000000000       0.25147158666255692       0.24841488985343271     
   36.000000000000000       0.25158511014656726       0.24829545590766405     
   38.000000000000000       0.25170454409233595       0.24816932211386106     
   40.000000000000007       0.25183067788613889       0.24803557323678629     
   42.000000000000007       0.25196442676321373       0.24789314043381055     
   44.000000000000014       0.25210685956618939       0.24774076596455699     
   46.000000000000014       0.25225923403544298       0.24757695785408651     
   47.999999999999993       0.25242304214591349       0.24739993098956803     
   49.999999999999993       0.25260006901043197       0.24720752964899079     
   52.000000000000000       0.25279247035100927       0.24699712423761491     
   54.000000000000000       0.25300287576238506       0.24676547160901321     
   56.000000000000000       0.25323452839098681       0.24650852303601942     
   58.000000000000007       0.25349147696398061       0.24622115539886702     
   60.000000000000007       0.25377884460113298       0.24589678719658703     
   62.000000000000014       0.25410321280341303       0.24552681736091544     
   64.000000000000014       0.25447318263908453       0.24509978350524023     
   65.999999999999986       0.25490021649475980       0.24460006106489976     
   68.000000000000000       0.25539993893510027       0.24400578195058217     
   70.000000000000000       0.25599421804941780       0.24328536566731829     
   72.000000000000000       0.25671463433268171       0.24239144880425229     
   74.000000000000000       0.25760855119574771       0.24124961126383537     
   76.000000000000000       0.25875038873616468       0.23973582875753749     
   78.000000000000014       0.26026417124246248       0.23762686833901242     
   80.000000000000014       0.26237313166098758       0.23447627728759679     
   82.000000000000014       0.26552372271240321       0.22924234982373726     
   83.999999999999986       0.27075765017626274       0.21879999406448414     
   86.000000000000000       0.28120000593551586       0.18752380089431667     
   88.000000000000000       0.31247619910568336        0.0000000000000000     
